00000001100111010010000000100011
00000011101011001000000001100011
00000000000000000000000000000000
00000000000011010010000110100011
00000000000111010010001000100011
00000000001011010010001010100011
00000000001111010010001100100011
00000000010011010010001110100011
00000000010111010010010000100011
00000000011011010010010010100011
00000000011111010010010100100011
00000000100011010010010110100011
00000000100111010010011000100011
00000000101011010010011010100011
00000000101111010010011100100011
00000000110011010010011110100011
00000000110111010010100000100011
00000000111011010010100010100011
00000000111111010010100100100011
00000001000011010010100110100011
00000001000111010010101000100011
00000001001011010010101010100011
00000001001111010010101100100011
00000001010011010010101110100011
00000001010111010010110000100011
00000001011011010010110010100011
00000001011111010010110100100011
00000001100011010010110110100011
00000001101111010010111000100011
00000001110011010010111010100011
00000001110111010010111100100011
00000001111011010010111110100011
00000011111111010010000000100011
00000000000111010010000000000011
00000001101000000001001011100011
00000000000000000000000000000000
00000000000111010000000010010011
00000000000111010010000010100011
00000000000000001010110011101111
00000000000000000000000000000000
00000000001011010000000010010011
00000000000100000001001011100011
00000000000000000000000000000000
00000000000111010000000010010011
00000000000111010010000010100011
00000000000000000100110011101111
00000000000000000000000000000000
00000000000100000000000100010011
00000000000111010010000010100011
00000001111011010000110010010011
00000000001111001010000000000011
00000000010011001010000010000011
00000000010111001010000100000011
00000000011011001010000110000011
00000000011111001010001000000011
00000000100011001010001010000011
00000000100111001010001100000011
00000000101011001010001110000011
00000000101111001010010000000011
00000000110011001010010010000011
00000000110111001010010100000011
00000000111011001010010110000011
00000000111111001010011000000011
00000001000011001010011010000011
00000001000111001010011100000011
00000001001011001010011110000011
00000001001111001010100000000011
00000001010011001010100010000011
00000001010111001010100100000011
00000001011011001010100110000011
00000001011111001010101000000011
00000001100011001010101010000011
00000001100111001010101100000011
00000001101011001010101110000011
00000001101111001010110000000011
00000001110011001010110110000011
00000001110111001010111000000011
00000001111011001010111010000011
00000001111111001010111100000011
00000010000011001010111110000011
00000000001111010000110110010011
00000010000111010000111110010011
00000000000011011010110010000011
00000001100111011010111100100011
00000000000111011000110110010011
11111111111111011001111011100011
00000000000000000000000000000000
00000110010011010000000010010011
00000000000100000000000000010111
00000000001011010010110010000011
00000000000011010010111110000011
00000001111111010010000100100011
00000011100100000111000000110011