00000001100111010010000010100011
00000011101011001000000001100011
00000000000000000000000000000000
00000000000011010010000110100011
00000000000111010010001000100011
00000000001011010010001010100011
00000000001111010010001100100011
00000000010011010010001110100011
00000000010111010010010000100011
00000000011011010010010010100011
00000000011111010010010100100011
00000000100011010010010110100011
00000000100111010010011000100011
00000000101011010010011010100011
00000000101111010010011100100011
00000000110011010010011110100011
00000000110111010010100000100011
00000000111011010010100010100011
00000000111111010010100100100011
00000001000011010010100110100011
00000001000111010010101000100011
00000001001011010010101010100011
00000001001111010010101100100011
00000001010011010010101110100011
00000001010111010010110000100011
00000001011011010010110010100011
00000001011111010010110100100011
00000001100011010010110110100011
00000001101111010010111000100011
00000001110011010010111010100011
00000001110111010010111100100011
00000001111011010010111110100011
00000011111111010010000000100011
00000000000111010010000000000011
00000001101000000001001011100011
00000000000000000000000000000000
00000000000111010000000010010011
00000000000111010010000010100011
00000000000000001010110011101111
00000000000000000000000000000000
00000000001011010000000010010011
00000000000100000001001011100011
00000000000000000000000000000000
00000000000111010000000010010011
00000000000111010010000010100011
00000000000000000100110011101111
00000000000000000000000000000000
00000000000100000000000100010011
00000000000111010010000010100011
00000000001111010000000110010011
00000011111111010000001000010011
00000000000000011010110010000011
00000001100100011010111100100011
00000000000100011000000110010011
11111110010000011001111011100011
00000000000000000000000000000000
00000110010011010000000010010011
00000000000100000000000000010111
00000000000011010010110010000011
00000000000011010010001010000011
00000000010111010010000100100011
00000001111000110000000110010011
00000000001100110010000000000011
00000000010011010010000010000011
00000000010111010010000100000011
00000000011011010010000110000011
00000000011111010010001000000011
00000000100011010010001010000011
00000000100111010010001100000011
00000000101011010010001110000011
00000000101111010010010000000011
00000000110011010010010010000011
00000000110111010010010100000011
00000000111011010010010110000011
00000000111111010010011000000011
00000001000011010010011010000011
00000001000111010010011100000011
00000001001011010010011110000011
00000001001111010010100000000011
00000001010011010010100010000011
00000001010111010010100100000011
00000001011011010010100110000011
00000001011111010010101000000011
00000001100011010010101010000011
00000001100111010010101100000011
00000001101011010010101110000011
00000001101111010010110000000011
00000001110011010010110110000011
00000001110111010010111000000011
00000001111011010010111010000011
00000001111111010010111100000011
00000010000011010010111110000011
00000011100100000111000000110011//fimdoSO
00000000000000000000000000000000
00000000000000000000000000000000
00000000000000000000000000000000
00000000000000000000000000000000
00000000000000000000000000000000
00000000000000000000000000000000//fimdapartiçãodoSO
00000000000000000001110111101111//começodapartiçãodoP1
00000000000111010000111100010011
00000001111011010000111010110011
00000000000111110000111100010011
00000000000111110000111100010011
00000000000111110000111100010011
00000000000111101010000000000011
00000000000000000000000000111100
00000000000000000000000010110111
00000001101000001000000000110011
00000000000011101010000010100011
00000000001011101010000000000011
00000000000000000000000000111100
00000000000000000000000010110111
00000001101000001000000000110011
00000000000011101010000100100011
00000000001111101010000000000011
00000000000111101010000010000011
00000001101000001000000000110011
00000000000011101010000110100011
00000000001011101010000000000011
00000000001011010000000010010011
00000000000100000010000100110011
00000000000111010000110110010011
01000000001011011000000100110011
00000001101000010000100001100011
00000000000000000000000000000000
00000000001111101010000000000011
00000000001111101010000010000011
00000000000111101010000110000011
00000000001100001011001000110011
00000001101000100000000000110011
00000000000011101010000110100011
00000000001011101010000000000011
00000000001011101010000010000011
00000000000111010000000110010011
01000000001100001000001000110011
00000001101000100000000000110011
00000000000011101010000100100011
11111111111111101101110111101111
00000000000000000000000000000000
00000000001111101010000000000011
00000000000000000000000000010111
00000000000000000000000000111111
00000000000000000000000000000000
00000000000000000000000000000000
00000000000000000000000000000000
00000000000000000000000000000000
00000000000000000000000000000000
00000101101000000111000000110011//JR_SO$zero
00000000000000000000000000000000//ComeçodapartiçãodoP2
00000000011111010000000010010011
00000000000011010000000100010011
00000000000111010000010010010011
00000001101000000000000000010111
00000000000111010000000110010011
00000000001100000000000000010111
00000000000000011000001100010011
00000000001100010000000110110011
00000000000000110000000100010011
00000000000101001000010010010011
00000000001100000000000000010111
11111110100100001001110101100011
00000000000000000000000000000000
00000000000000000000000000000000
00000000000000000000000000111111
00000000000000100011110011101111//jal$aux_so(35)
00000000000000000000000000000000
00000000000000000000000000000000
00000000000000000000000000000000
00000000000000000000000000000000
00000000000000000000000000000000
00000000000000000000000000000000
00000000000000000000000000000000
00000000000000000000000000000000
00000000000000000000000000000000
00000000000000000000000000000000
00000000000000000000000000000000
00000000000000000000000000000000
00000000000000000000000000000000
00000000000000000000000000000000
00000000000000000000000000000000
00000000000000000000000000000000
00000000000000000000000000000000
00000000000000000000000000000000
00000000000000000000000000000000
00000000000000000000000000000000
00000000000000000000000000000000
00000000000000000000000000000000
00000000000000000000000000000000
00000000000000000000000000000000
00000000000000000000000000000000
00000000000000000000000000000000
00000000000000000000000000000000
00000000000000000000000000000000
00000000000000000000000000000000
00000000000000000000000000000000
00000000000000000000000000000000
00000000000000000001110011101111//jal$aux_so1
00000101101000000111000000110011//JR_SO$zero
00000000000000000000000000000000