00000001001000000000000000010011
00000000110000001000000010010011
00000000000000001010000100110011
00000000000000010000000100010011
00000000000000010000000100010011
00000000000000000001001011101111
00000000000000010000000100010011
00000000000000010000000100010011
00000000000000010000000100010011
00000000000000010000000100010011
00000000000000010000000100010011
00000000000000010000000100010011
00000000000000010000000100010011
00000000000000010000000100010011
00000000000000010000000100010011
00000000000000010000000100010011
00000000000000010000000100010011
00000000000000010000000100010011
