00000000000000000001110111101111
00000000000111010000111100010011
00000001111011010000111010110011
00000000000111110000111100010011
00000000000111110000111100010011
00000000000111110000111100010011
00000000000111110000111100010011
00000000000111110000111100010011
00000000000111101010000000000011
00000000011111010000000010010011
00000001101000001000000000110011
00000000000011101010000010100011
00000000000111010000000000010011
00000000000000000000000000010111
00000000000111010000000100010011
00000000001000000000000000010111
00000000001011101010001000000011
00000000000111010000001010010011
00000001101000101000001000110011
00000000010011101010000100100011
00000000001111101010001000000011
00000000000111010000001010010011
00000001101000101000001000110011
00000000010011101010000110100011
00000000010011101010001000000011
00000000001011010000001010010011
00000001101000101000001000110011
00000000010011101010001000100011
00000000010011101010001000000011
00000000000111101010001010000011
00000000010100100100001100110011
00000001101000110000110101100011
00000000000000000000000000000110
00000000010111101010001000000011
00000000001111101010001010000011
00000001101000101000001000110011
00000000010011101010001010100011
00000000001111101010001000000011
00000000001111101010001010000011
00000000001011101010001110000011
00000000011100101000010000110011
00000001101001000000001000110011
00000000010011101010000110100011
00000000001011101010001000000011
00000000010111101010001010000011
00000001101000101000001000110011
00000000010011101010000100100011
00000000001111101010001000000011
00000000010000000000000000010111
00000000010011101010001110000011
00000000010011101010010000000011
00000000000111010000010010010011
00000000100101000000010100110011
00000001101001010000001110110011
00000000011111101010001000100011
11111111111111100101110111101111
00000000000000000000000000000110
00000000000000000000000000111111