00000000000000100001110111101111
00000000000111110000111100010011
00000001111011010000111010110011
00000000000111110000111100010011
00000000000111110000111100010011
00000000001011101010000000000011
00000000000011010000000010010011
01000000000100000100000100110011
00000001101000010000001101100011
00000000000000000000000000000000
00000000000111101010000000000011
00000001101000000000111000110011
00000000000000010001110111101111
00000000000000000000000000000000
00000000001011101010000010000011
00000000000111101010000110000011
00000000000111101010001000000011
00000000001011101010001010000011
01000000010100100011001100110011
00000000001011101010001000000011
00000000010000110011001010110011
01000000010100011000001000110011
00000000000011110000111100010011
00000000010011110010000110100011
00000000000111110010000100100011
00000001110111110010000010100011
11111111111111100111111111101111
00000001101011100000000110110011
00000001101000011000111000110011
00000000000011101010111010000011
11111111111111101000111100010011
01000001111100000111000000110011
00000000000000000000000000000000
00000000000111010000111100010011
00000001111011010000111010110011
00000000000111110000111100010011
00000000000111110000111100010011
00000000000111101010000000000011
00000000000000000000000000111100
00000000000000000000000010110111
00000001101000001000000000110011
00000000000011101010000010100011
00000000001011101010000000000011
00000000000000000000000000111100
00000000000000000000000010110111
00000001101000001000000000110011
00000000000011101010000100100011
00000000000111101010000000000011
00000000001011101010000010000011
00000000000011110000111100010011
00000000000111110010000110100011
00000000000011110010000100100011
00000001110111110010000010100011
11111111111111001100111111101111
00000001101011100000000100110011
00000000001000000000000000010111
00000000000000000000000000111111
